1760468250658 1.52047 0
1760468254330 1.73571 1
1760468257789 1.51253 2
1760468261568 1.56248 3
1760468265043 1.42387 4
1760468268350 1.63613 5
1760468272267 1.44198 6
1760468276016 1.73696 7
1760468279791 1.35674 8
1760468285277 1.49091 9
1760468291462 1.63087 10
1760468295601 1.33508 11
1760468299071 1.71772 12
1760468302820 1.49219 13
1760468306099 1.23688 14
1760468309789 1.56423 15
1760468313450 1.43652 16
1760468316680 1.5254 17
1760468319878 1.29531 18
1760468323101 1.69485 19
1760468326176 1.3328 20
1760468329446 1.44907 21
1760468332675 1.29722 22
1760468335904 1.24147 23
1760468339447 1.3766 24
1760468343124 1.37655 25
1760468347125 1.2192 26
1760468350959 1.23295 27
1760468354301 1.35565 28
1760468357570 1.24742 29
