1760468250658 4.32226 0
1760468254330 4.30921 1
1760468257789 4.46309 2
1760468261568 4.2581 3
1760468265043 4.041 4
1760468268350 4.20138 5
1760468272267 4.17872 6
1760468276016 4.21603 7
1760468279791 4.11371 8
1760468285277 4.10397 9
1760468291462 3.95864 10
1760468295601 3.81807 11
1760468299071 3.81814 12
1760468302820 3.60034 13
1760468306099 3.46408 14
1760468309789 3.80662 15
1760468313450 3.43253 16
1760468316680 3.74538 17
1760468319878 3.30815 18
1760468323101 3.42618 19
1760468326176 2.88855 20
1760468329446 3.16598 21
1760468332675 2.64814 22
1760468335904 2.93805 23
1760468339447 2.97147 24
1760468343124 2.79555 25
1760468347125 2.6804 26
1760468350959 2.6952 27
1760468354301 2.38804 28
1760468357570 2.72713 29
