1760468250658 1.29945 0
1760468254330 1.40864 1
1760468257789 1.20099 2
1760468261568 1.22466 3
1760468265043 1.20123 4
1760468268350 1.36419 5
1760468272267 1.20169 6
1760468276016 1.20333 7
1760468279791 1.138 8
1760468285277 1.19394 9
1760468291462 1.33731 10
1760468295601 1.13241 11
1760468299071 1.244 12
1760468302820 1.12862 13
1760468306099 1.05333 14
1760468309789 1.21786 15
1760468313450 1.23421 16
1760468316680 1.12691 17
1760468319878 1.02522 18
1760468323101 1.24164 19
1760468326176 1.08079 20
1760468329446 1.20403 21
1760468332675 1.10754 22
1760468335904 1.03423 23
1760468339447 1.10566 24
1760468343124 1.06554 25
1760468347125 1.02345 26
1760468350959 1.05351 27
1760468354301 1.26009 28
1760468357570 1.0404 29
