1760467814580 0.0 0
1760467818655 0.0 1
1760467822472 0.0 2
1760467826602 0.0 3
1760467830289 0.0 4
1760467834116 0.0 5
1760467837668 0.00078 6
1760467841236 0.00098 7
1760467844602 0.00098 8
1760467847817 0.00308 9
1760467851247 0.00308 10
1760467854621 0.00457 11
1760467858116 0.00457 12
1760467861699 0.01162 13
1760467864988 0.01162 14
1760467868371 0.01755 15
1760467871607 0.01755 16
1760467875043 0.02866 17
1760467878263 0.02866 18
1760467882452 0.02879 19
1760467886099 0.02879 20
1760467889431 0.03246 21
1760467892713 0.03246 22
1760467896275 0.03246 23
1760467899930 0.01814 24
1760467903359 0.01814 25
1760467906878 0.01814 26
1760467910259 0.01103 27
1760467914563 0.01103 28
1760467920134 0.01103 29
1760467924123 0.02956593399339934 29
