1760467814580 0.0 0
1760467818655 0.0 1
1760467822472 0.0 2
1760467826602 0.0 3
1760467830289 0.0 4
1760467834116 0.0 5
1760467837668 0.00777 6
1760467841236 0.0098 7
1760467844602 0.0098 8
1760467847817 0.0176 9
1760467851247 0.0176 10
1760467854621 0.02848 11
1760467858116 0.02848 12
1760467861699 0.04185 13
1760467864988 0.04185 14
1760467868371 0.08275 15
1760467871607 0.08275 16
1760467875043 0.08685 17
1760467878263 0.08685 18
1760467882452 0.07019 19
1760467886099 0.07019 20
1760467889431 0.05902 21
1760467892713 0.05902 22
1760467896275 0.05902 23
1760467899930 0.09668 24
1760467903359 0.09668 25
1760467906878 0.09668 26
1760467910259 0.09649 27
1760467914563 0.09649 28
1760467920134 0.09649 29
1760467924123 0.059116996699669966 29
