1760467814580 0.0 0
1760467818655 0.0 1
1760467822472 0.0 2
1760467826602 0.0 3
1760467830289 0.0 4
1760467834116 0.0 5
1760467837668 0.00543 6
1760467841236 0.00549 7
1760467844602 0.00549 8
1760467847817 0.0101 9
1760467851247 0.0101 10
1760467854621 0.01053 11
1760467858116 0.01053 12
1760467861699 0.01546 13
1760467864988 0.01546 14
1760467868371 0.01471 15
1760467871607 0.01471 16
1760467875043 0.00935 17
1760467878263 0.00935 18
1760467882452 0.00962 19
1760467886099 0.00962 20
1760467889431 0.00962 21
1760467892713 0.00962 22
1760467896275 0.00962 23
1760467899930 0.01515 24
1760467903359 0.01515 25
1760467906878 0.01515 26
1760467910259 0.01442 27
1760467914563 0.01442 28
1760467920134 0.01442 29
1760467924123 0.009900990099009901 29
