1760467550695 0.0 0
1760467554785 1.2087499999999999e-05 1
1760467558044 2.3350000000000002e-05 2
1760467561780 3.37875e-05 3
1760467565406 4.34e-05 4
1760467568726 5.218750000000001e-05 5
1760467571971 6.015000000000001e-05 6
1760467575264 6.728749999999999e-05 7
1760467578717 7.360000000000001e-05 8
1760467582189 7.90875e-05 9
1760467585318 8.375e-05 10
1760467588462 8.758750000000001e-05 11
1760467591412 9.06e-05 12
1760467594601 9.27875e-05 13
1760467597459 9.415e-05 14
1760467600410 9.46875e-05 15
1760467603297 9.44e-05 16
1760467606367 9.32875e-05 17
1760467609336 9.135000000000001e-05 18
1760467612251 8.858750000000002e-05 19
1760467615351 8.5e-05 20
1760467618913 8.058750000000001e-05 21
1760467623325 7.535000000000002e-05 22
1760467628102 6.92875e-05 23
1760467631793 6.24e-05 24
1760467635386 5.468749999999999e-05 25
1760467638849 4.614999999999999e-05 26
1760467642386 3.67875e-05 27
1760467645387 2.6599999999999996e-05 28
1760467648608 1.55875e-05 29
