1760468628707 0.0 0
1760468632182 0.0 1
1760468635999 0.0 2
1760468641688 0.0 3
1760468646343 0.00437 4
1760468650899 0.00548 5
1760468654903 0.0031 6
1760468658846 0.02139 7
1760468663032 0.02139 8
1760468666828 0.04919 9
1760468670480 0.04919 10
1760468674293 0.20469 11
1760468677992 0.20469 12
1760468681551 0.29849 13
1760468685355 0.29849 14
1760468689327 0.30758 15
1760468693593 0.30758 16
1760468697600 0.29578 17
1760468701509 0.29578 18
1760468705506 0.2748 19
1760468709420 0.2748 20
1760468713535 0.4321 21
1760468717616 0.4321 22
1760468721865 0.4321 23
1760468725672 0.50006 24
1760468729445 0.50006 25
1760468733001 0.50006 26
1760468737108 0.58303 27
1760468741216 0.58303 28
1760468745318 0.58303 29
1760468749868 0.58316 30
1760468754267 0.58316 31
1760468758419 0.58316 32
1760468763049 0.5832 33
1760468767633 0.5832 34
1760468771072 0.5832 35
1760468775220 0.5832 36
1760468779054 0.4975 37
1760468782651 0.4975 38
1760468786218 0.4975 39
1760468789974 0.4975 40
1760468793537 0.83203 41
1760468797111 0.83203 42
1760468800763 0.83203 43
1760468804456 0.83203 44
1760468808328 0.5833 45
1760468811800 0.5833 46
1760468815256 0.5833 47
1760468818906 0.5833 48
1760468822344 0.83237 49
1760468825920 0.83237 50
1760468829292 0.83237 51
1760468832762 0.83237 52
1760468836414 0.83237 53
1760468840242 0.83248 54
1760468843679 0.83248 55
1760468847213 0.83248 56
1760468850575 0.83248 57
1760468853919 0.83248 58
1760468857267 0.83263 59
1760468860512 0.83263 60
1760468863737 0.83263 61
1760468866926 0.83263 62
1760468870212 0.83263 63
1760468873615 0.83234 64
1760468876933 0.83234 65
1760468880372 0.83234 66
1760468883649 0.83234 67
1760468887177 0.83234 68
1760468891013 0.83234 69
1760468894828 0.85912 70
1760468898446 0.85912 71
1760468901887 0.85912 72
1760468905197 0.85912 73
1760468908679 0.85912 74
1760468912312 0.85912 75
1760468915719 0.929 76
1760468919070 0.929 77
1760468923028 0.929 78
1760468926425 0.929 79
1760468929734 0.929 80
1760468933090 0.929 81
1760468936340 0.929 82
1760468939811 0.995 83
1760468943191 0.995 84
1760468946806 0.995 85
1760468950165 0.995 86
1760468953541 0.995 87
1760468956939 0.995 88
1760468960326 0.995 89
1760468963761 0.995 90
1760468967181 0.995 91
1760468970472 0.995 92
1760468973778 0.995 93
1760468976976 0.995 94
1760468980196 0.995 95
1760468983503 0.995 96
1760468986883 0.995 97
1760468990252 0.995 98
1760468993585 0.995 99
1760468996545 0.995 99
