1760468628707 0.0 0
1760468632182 0.0 1
1760468635999 0.0 2
1760468641688 0.0 3
1760468646343 0.00044 4
1760468650899 0.00055 5
1760468654903 0.00031 6
1760468658846 0.00367 7
1760468663032 0.00367 8
1760468666828 0.02699 9
1760468670480 0.02699 10
1760468674293 0.10986 11
1760468677992 0.10986 12
1760468681551 0.15804 13
1760468685355 0.15804 14
1760468689327 0.15727 15
1760468693593 0.15727 16
1760468697600 0.16441 17
1760468701509 0.16441 18
1760468705506 0.13611 19
1760468709420 0.13611 20
1760468713535 0.15681 21
1760468717616 0.15681 22
1760468721865 0.15681 23
1760468725672 0.35184 24
1760468729445 0.35184 25
1760468733001 0.35184 26
1760468737108 0.41577 27
1760468741216 0.41577 28
1760468745318 0.41577 29
1760468749868 0.41502 30
1760468754267 0.41502 31
1760468758419 0.41502 32
1760468763049 0.40295 33
1760468767633 0.40295 34
1760468771072 0.40295 35
1760468775220 0.40295 36
1760468779054 0.39237 37
1760468782651 0.39237 38
1760468786218 0.39237 39
1760468789974 0.39237 40
1760468793537 0.4065 41
1760468797111 0.4065 42
1760468800763 0.4065 43
1760468804456 0.4065 44
1760468808328 0.38246 45
1760468811800 0.38246 46
1760468815256 0.38246 47
1760468818906 0.38246 48
1760468822344 0.41032 49
1760468825920 0.41032 50
1760468829292 0.41032 51
1760468832762 0.41032 52
1760468836414 0.41032 53
1760468840242 0.4727 54
1760468843679 0.4727 55
1760468847213 0.4727 56
1760468850575 0.4727 57
1760468853919 0.4727 58
1760468857267 0.51108 59
1760468860512 0.51108 60
1760468863737 0.51108 61
1760468866926 0.51108 62
1760468870212 0.51108 63
1760468873615 0.53683 64
1760468876933 0.53683 65
1760468880372 0.53683 66
1760468883649 0.53683 67
1760468887177 0.53683 68
1760468891013 0.53683 69
1760468894828 0.5471 70
1760468898446 0.5471 71
1760468901887 0.5471 72
1760468905197 0.5471 73
1760468908679 0.5471 74
1760468912312 0.5471 75
1760468915719 0.59381 76
1760468919070 0.59381 77
1760468923028 0.59381 78
1760468926425 0.59381 79
1760468929734 0.59381 80
1760468933090 0.59381 81
1760468936340 0.59381 82
1760468939811 0.61334 83
1760468943191 0.61334 84
1760468946806 0.61334 85
1760468950165 0.61334 86
1760468953541 0.61334 87
1760468956939 0.61334 88
1760468960326 0.61334 89
1760468963761 0.63538 90
1760468967181 0.63538 91
1760468970472 0.63538 92
1760468973778 0.63538 93
1760468976976 0.63538 94
1760468980196 0.63538 95
1760468983503 0.63538 96
1760468986883 0.63538 97
1760468990252 0.66696 98
1760468993585 0.66696 99
1760468996545 0.6669687798631477 99
