1760468628707 0.0 0
1760468632182 0.0 1
1760468635999 0.0 2
1760468641688 0.0 3
1760468646343 0.00526 4
1760468650899 0.00521 5
1760468654903 0.00495 6
1760468658846 0.01429 7
1760468663032 0.01429 8
1760468666828 0.01339 9
1760468670480 0.01339 10
1760468674293 0.01626 11
1760468677992 0.01626 12
1760468681551 0.02137 13
1760468685355 0.02137 14
1760468689327 0.02137 15
1760468693593 0.02137 16
1760468697600 0.0273 17
1760468701509 0.0273 18
1760468705506 0.03274 19
1760468709420 0.03274 20
1760468713535 0.03404 21
1760468717616 0.03404 22
1760468721865 0.03404 23
1760468725672 0.03351 24
1760468729445 0.03351 25
1760468733001 0.03351 26
1760468737108 0.03395 27
1760468741216 0.03395 28
1760468745318 0.03395 29
1760468749868 0.03487 30
1760468754267 0.03487 31
1760468758419 0.03487 32
1760468763049 0.03445 33
1760468767633 0.03445 34
1760468771072 0.03445 35
1760468775220 0.03445 36
1760468779054 0.02727 37
1760468782651 0.02727 38
1760468786218 0.02727 39
1760468789974 0.02727 40
1760468793537 0.03908 41
1760468797111 0.03908 42
1760468800763 0.03908 43
1760468804456 0.03908 44
1760468808328 0.03345 45
1760468811800 0.03345 46
1760468815256 0.03345 47
1760468818906 0.03345 48
1760468822344 0.04161 49
1760468825920 0.04161 50
1760468829292 0.04161 51
1760468832762 0.04161 52
1760468836414 0.04161 53
1760468840242 0.04223 54
1760468843679 0.04223 55
1760468847213 0.04223 56
1760468850575 0.04223 57
1760468853919 0.04223 58
1760468857267 0.04265 59
1760468860512 0.04265 60
1760468863737 0.04265 61
1760468866926 0.04265 62
1760468870212 0.04265 63
1760468873615 1.0 64
1760468876933 1.0 65
1760468880372 1.0 66
1760468883649 1.0 67
1760468887177 1.0 68
1760468891013 1.0 69
1760468894828 1.0 70
1760468898446 1.0 71
1760468901887 1.0 72
1760468905197 1.0 73
1760468908679 1.0 74
1760468912312 1.0 75
1760468915719 1.0 76
1760468919070 1.0 77
1760468923028 1.0 78
1760468926425 1.0 79
1760468929734 1.0 80
1760468933090 1.0 81
1760468936340 1.0 82
1760468939811 1.0 83
1760468943191 1.0 84
1760468946806 1.0 85
1760468950165 1.0 86
1760468953541 1.0 87
1760468956939 1.0 88
1760468960326 1.0 89
1760468963761 0.97892 90
1760468967181 0.97892 91
1760468970472 0.97892 92
1760468973778 0.97892 93
1760468976976 0.97892 94
1760468980196 0.97892 95
1760468983503 0.97892 96
1760468986883 0.97892 97
1760468990252 0.94102 98
1760468993585 0.94102 99
1760468996545 0.9408923437911858 99
