1760468628707 0.0 0
1760468632182 0.0 1
1760468635999 0.0 2
1760468641688 0.0 3
1760468646343 0.08333 4
1760468650899 0.08333 5
1760468654903 0.08333 6
1760468658846 0.25 7
1760468663032 0.25 8
1760468666828 0.25 9
1760468670480 0.25 10
1760468674293 0.33333 11
1760468677992 0.33333 12
1760468681551 0.41667 13
1760468685355 0.41667 14
1760468689327 0.41667 15
1760468693593 0.41667 16
1760468697600 0.58333 17
1760468701509 0.58333 18
1760468705506 0.75 19
1760468709420 0.75 20
1760468713535 0.75 21
1760468717616 0.75 22
1760468721865 0.75 23
1760468725672 0.66667 24
1760468729445 0.66667 25
1760468733001 0.66667 26
1760468737108 0.66667 27
1760468741216 0.66667 28
1760468745318 0.66667 29
1760468749868 0.66667 30
1760468754267 0.66667 31
1760468758419 0.66667 32
1760468763049 0.66667 33
1760468767633 0.66667 34
1760468771072 0.66667 35
1760468775220 0.66667 36
1760468779054 0.5 37
1760468782651 0.5 38
1760468786218 0.5 39
1760468789974 0.5 40
1760468793537 0.83333 41
1760468797111 0.83333 42
1760468800763 0.83333 43
1760468804456 0.83333 44
1760468808328 0.66667 45
1760468811800 0.66667 46
1760468815256 0.66667 47
1760468818906 0.66667 48
1760468822344 0.83333 49
1760468825920 0.83333 50
1760468829292 0.83333 51
1760468832762 0.83333 52
1760468836414 0.83333 53
1760468840242 0.83333 54
1760468843679 0.83333 55
1760468847213 0.83333 56
1760468850575 0.83333 57
1760468853919 0.83333 58
1760468857267 0.83333 59
1760468860512 0.83333 60
1760468863737 0.83333 61
1760468866926 0.83333 62
1760468870212 0.83333 63
1760468873615 0.35132 64
1760468876933 0.35132 65
1760468880372 0.35132 66
1760468883649 0.35132 67
1760468887177 0.35132 68
1760468891013 0.35132 69
1760468894828 0.3121 70
1760468898446 0.3121 71
1760468901887 0.3121 72
1760468905197 0.3121 73
1760468908679 0.3121 74
1760468912312 0.3121 75
1760468915719 0.40507 76
1760468919070 0.40507 77
1760468923028 0.40507 78
1760468926425 0.40507 79
1760468929734 0.40507 80
1760468933090 0.40507 81
1760468936340 0.40507 82
1760468939811 0.48835 83
1760468943191 0.48835 84
1760468946806 0.48835 85
1760468950165 0.48835 86
1760468953541 0.48835 87
1760468956939 0.48835 88
1760468960326 0.48835 89
1760468963761 0.5 90
1760468967181 0.5 91
1760468970472 0.5 92
1760468973778 0.5 93
1760468976976 0.5 94
1760468980196 0.5 95
1760468983503 0.5 96
1760468986883 0.5 97
1760468990252 0.91179 98
1760468993585 0.91179 99
1760468996545 0.9109625740745431 99
