1760467551564 0.0 0
1760467555306 0.0 1
1760467558653 0.0 2
1760467562360 0.0 3
1760467565920 0.00047 4
1760467569246 0.00067 5
1760467572522 0.00046 6
1760467575813 0.00761 7
1760467579322 0.00761 8
1760467582785 0.01627 9
1760467585888 0.01627 10
1760467588978 0.06272 11
1760467591968 0.06272 12
1760467595086 0.10012 13
1760467597941 0.10012 14
1760467600897 0.1139 15
1760467603818 0.1139 16
1760467606957 0.08999 17
1760467609832 0.08999 18
1760467612797 0.06815 19
1760467615850 0.06815 20
1760467619671 0.05682 21
1760467624784 0.05682 22
1760467628753 0.05682 23
1760467632345 0.05849 24
1760467635896 0.05849 25
1760467639433 0.05849 26
1760467642897 0.06088 27
1760467645891 0.06088 28
1760467649162 0.06088 29
1760467652017 0.1118197837837838 29
