1760467551564 0.0 0
1760467555306 0.0 1
1760467558653 0.0 2
1760467562360 0.0 3
1760467565920 0.0047 4
1760467569246 0.00667 5
1760467572522 0.00457 6
1760467575813 0.03464 7
1760467579322 0.03464 8
1760467582785 0.05051 9
1760467585888 0.05051 10
1760467588978 0.12732 11
1760467591968 0.12732 12
1760467595086 0.25101 13
1760467597941 0.25101 14
1760467600897 0.25178 15
1760467603818 0.25178 16
1760467606957 0.21911 17
1760467609832 0.21911 18
1760467612797 0.12813 19
1760467615850 0.12813 20
1760467619671 0.12453 21
1760467624784 0.12453 22
1760467628753 0.12453 23
1760467632345 0.12501 24
1760467635896 0.12501 25
1760467639433 0.12501 26
1760467642897 0.15193 27
1760467645891 0.15193 28
1760467649162 0.15193 29
1760467652017 0.23094594594594592 29
