1760467551564 0.0 0
1760467555306 0.0 1
1760467558653 0.0 2
1760467562360 0.0 3
1760467565920 0.00543 4
1760467569246 0.00556 5
1760467572522 0.00543 6
1760467575813 0.01546 7
1760467579322 0.01546 8
1760467582785 0.01456 9
1760467585888 0.01456 10
1760467588978 0.01402 11
1760467591968 0.01402 12
1760467595086 0.01376 13
1760467597941 0.01376 14
1760467600897 0.01802 15
1760467603818 0.01802 16
1760467606957 0.01415 17
1760467609832 0.01415 18
1760467612797 0.00943 19
1760467615850 0.00943 20
1760467619671 0.01486 21
1760467624784 0.01486 22
1760467628753 0.01486 23
1760467632345 0.02044 24
1760467635896 0.02044 25
1760467639433 0.02044 26
1760467642897 0.02562 27
1760467645891 0.02562 28
1760467649162 0.02562 29
1760467652017 0.013513513513513514 29
