1760467551564 0.0 0
1760467555306 0.0 1
1760467558653 0.0 2
1760467562360 0.0 3
1760467565920 0.08333 4
1760467569246 0.08333 5
1760467572522 0.08333 6
1760467575813 0.25 7
1760467579322 0.25 8
1760467582785 0.25 9
1760467585888 0.25 10
1760467588978 0.25 11
1760467591968 0.25 12
1760467595086 0.25 13
1760467597941 0.25 14
1760467600897 0.33333 15
1760467603818 0.33333 16
1760467606957 0.25 17
1760467609832 0.25 18
1760467612797 0.16667 19
1760467615850 0.16667 20
1760467619671 0.33333 21
1760467624784 0.33333 22
1760467628753 0.33333 23
1760467632345 0.5 24
1760467635896 0.5 25
1760467639433 0.5 26
1760467642897 0.58333 27
1760467645891 0.58333 28
1760467649162 0.58333 29
1760467652017 0.25 29
