1760467813784 1.52047 0
1760467817972 1.73571 1
1760467821949 1.51253 2
1760467825422 1.56248 3
1760467829710 1.42387 4
1760467833499 1.63613 5
1760467837197 1.44198 6
1760467840560 1.73696 7
1760467844117 1.35674 8
1760467847270 1.49091 9
1760467850700 1.63087 10
1760467854086 1.33508 11
1760467857507 1.71772 12
1760467861108 1.49219 13
1760467864401 1.23688 14
1760467867817 1.56423 15
1760467871062 1.43652 16
1760467874450 1.5254 17
1760467877679 1.29531 18
1760467881860 1.69485 19
1760467885499 1.3328 20
1760467888850 1.44907 21
1760467892121 1.29722 22
1760467895691 1.24147 23
1760467899277 1.3766 24
1760467902742 1.37655 25
1760467906275 1.2192 26
1760467909691 1.23295 27
1760467913582 1.35565 28
1760467919235 1.24742 29
