1760467813784 4.32226 0
1760467817972 4.30921 1
1760467821949 4.46309 2
1760467825422 4.2581 3
1760467829710 4.041 4
1760467833499 4.20138 5
1760467837197 4.17872 6
1760467840560 4.21603 7
1760467844117 4.11371 8
1760467847270 4.10397 9
1760467850700 3.95864 10
1760467854086 3.81807 11
1760467857507 3.81814 12
1760467861108 3.60034 13
1760467864401 3.46408 14
1760467867817 3.80662 15
1760467871062 3.43253 16
1760467874450 3.74538 17
1760467877679 3.30815 18
1760467881860 3.42618 19
1760467885499 2.88855 20
1760467888850 3.16598 21
1760467892121 2.64814 22
1760467895691 2.93805 23
1760467899277 2.97147 24
1760467902742 2.79555 25
1760467906275 2.6804 26
1760467909691 2.6952 27
1760467913582 2.38804 28
1760467919235 2.72713 29
