1760467813784 1.29945 0
1760467817972 1.40864 1
1760467821949 1.20099 2
1760467825422 1.22466 3
1760467829710 1.20123 4
1760467833499 1.36419 5
1760467837197 1.20169 6
1760467840560 1.20333 7
1760467844117 1.138 8
1760467847270 1.19394 9
1760467850700 1.33731 10
1760467854086 1.13241 11
1760467857507 1.244 12
1760467861108 1.12862 13
1760467864401 1.05333 14
1760467867817 1.21786 15
1760467871062 1.23421 16
1760467874450 1.12691 17
1760467877679 1.02522 18
1760467881860 1.24164 19
1760467885499 1.08079 20
1760467888850 1.20403 21
1760467892121 1.10754 22
1760467895691 1.03423 23
1760467899277 1.10566 24
1760467902742 1.06554 25
1760467906275 1.02345 26
1760467909691 1.05351 27
1760467913582 1.26009 28
1760467919235 1.0404 29
