1760468628022 0.0 0
1760468631594 1.237625e-05 1
1760468635324 2.4505e-05 2
1760468640916 3.638625e-05 3
1760468645709 4.802e-05 4
1760468650204 5.940625e-05 5
1760468654336 7.0545e-05 6
1760468658214 8.143624999999999e-05 7
1760468662270 9.208000000000001e-05 8
1760468666178 0.00010247625000000002 9
1760468669861 0.00011262500000000001 10
1760468673647 0.00012252625 11
1760468677358 0.00013218 12
1760468680994 0.00014158625 13
1760468684678 0.000150745 14
1760468688601 0.00015965625 15
1760468692889 0.00016832 16
1760468696994 0.00017673625 17
1760468700839 0.00018490500000000005 18
1760468704923 0.00019282625000000003 19
1760468708757 0.00020050000000000002 20
1760468712930 0.00020792625000000002 21
1760468716886 0.00021510500000000002 22
1760468721295 0.00022203625 23
1760468725092 0.00022872000000000002 24
1760468728820 0.00023515625 25
1760468732404 0.000241345 26
1760468736193 0.00024728625 27
1760468740258 0.00025298000000000003 28
1760468744704 0.00025842625 29
1760468749280 0.000263625 30
1760468753469 0.00026857625 31
1760468757659 0.00027328 32
1760468762379 0.00027773625 33
1760468766888 0.00028194499999999997 34
1760468770506 0.00028590625000000003 35
1760468774142 0.0002896200000000001 36
1760468778463 0.00029308625000000005 37
1760468782019 0.00029630500000000007 38
1760468785645 0.00029927625000000004 39
1760468789340 0.000302 40
1760468792978 0.00030447625000000006 41
1760468796546 0.00030670500000000005 42
1760468800132 0.00030868625 43
1760468803826 0.00031042000000000005 44
1760468807735 0.00031190625 45
1760468811198 0.0003131450000000001 46
1760468814710 0.00031413625000000005 47
1760468818302 0.0003148800000000001 48
1760468821759 0.00031537625 49
1760468825351 0.000315625 50
1760468828738 0.00031562625 51
1760468832174 0.00031538 52
1760468835708 0.00031488625 53
1760468839610 0.000314145 54
1760468843057 0.00031315625 55
1760468846642 0.00031192 56
1760468850009 0.00031043625 57
1760468853349 0.000308705 58
1760468856660 0.00030672625000000003 59
1760468859951 0.00030450000000000003 60
1760468863189 0.00030202625000000003 61
1760468866350 0.000299305 62
1760468869671 0.00029633625000000005 63
1760468873049 0.00029312 64
1760468876356 0.00028965625 65
1760468879750 0.00028594499999999996 66
1760468883090 0.00028198624999999994 67
1760468886534 0.00027778 68
1760468890340 0.0002733262500000001 69
1760468894174 0.0002686250000000001 70
1760468897857 0.00026367625000000005 71
1760468901258 0.00025848 72
1760468904632 0.0002530362500000001 73
1760468907997 0.000247345 74
1760468911670 0.00024140625 75
1760468915078 0.00023522000000000001 76
1760468918462 0.00022878625 77
1760468922419 0.00022210499999999995 78
1760468925790 0.00021517625 79
1760468929184 0.00020799999999999996 80
1760468932478 0.00020057624999999992 81
1760468935756 0.00019290500000000005 82
1760468939168 0.00018498625000000005 83
1760468942560 0.00017682000000000006 84
1760468946204 0.00016840625000000002 85
1760468949573 0.000159745 86
1760468953002 0.00015083625000000003 87
1760468956303 0.00014168 88
1760468959741 0.00013227624999999997 89
1760468963169 0.00012262499999999999 90
1760468966587 0.00011272624999999997 91
1760468969816 0.00010257999999999996 92
1760468973222 9.218624999999992e-05 93
1760468976441 8.154500000000006e-05 94
1760468979649 7.065625000000005e-05 95
1760468982922 5.9520000000000054e-05 96
1760468986272 4.813625000000003e-05 97
1760468989599 3.6505000000000024e-05 98
1760468992955 2.4626250000000012e-05 99
