1760468628022 1.76523 0
1760468631594 1.53784 1
1760468635324 1.50209 2
1760468640916 1.61458 3
1760468645709 1.69311 4
1760468650204 1.44188 5
1760468654336 1.43504 6
1760468658214 1.34577 7
1760468662270 1.27752 8
1760468666178 1.48258 9
1760468669861 1.3196 10
1760468673647 1.34845 11
1760468677358 1.43375 12
1760468680994 1.36466 13
1760468684678 1.29982 14
1760468688601 1.35947 15
1760468692889 1.52473 16
1760468696994 1.1966 17
1760468700839 1.12355 18
1760468704923 1.27684 19
1760468708757 1.29923 20
1760468712930 1.22126 21
1760468716886 1.40287 22
1760468721295 1.29754 23
1760468725092 1.11377 24
1760468728820 1.35135 25
1760468732404 1.39548 26
1760468736193 1.56965 27
1760468740258 1.3286 28
1760468744704 1.20472 29
1760468749280 1.10288 30
1760468753469 1.17208 31
1760468757659 1.05474 32
1760468762379 1.18594 33
1760468766888 1.24244 34
1760468770506 1.15625 35
1760468774142 1.22305 36
1760468778463 1.10219 37
1760468782019 1.12707 38
1760468785645 1.12797 39
1760468789340 1.14062 40
1760468792978 1.10259 41
1760468796546 1.11554 42
1760468800132 1.16179 43
1760468803826 1.26109 44
1760468807735 1.05938 45
1760468811198 1.22114 46
1760468814710 1.10505 47
1760468818302 0.97462 48
1760468821759 1.07576 49
1760468825351 1.151 50
1760468828738 1.14192 51
1760468832174 1.09991 52
1760468835708 1.16658 53
1760468839610 1.01278 54
1760468843057 1.03727 55
1760468846642 1.00987 56
1760468850009 1.2111 57
1760468853349 1.04848 58
1760468856660 1.21347 59
1760468859951 1.06013 60
1760468863189 1.0369 61
1760468866350 0.90932 62
1760468869671 1.06785 63
1760468873049 1.09441 64
1760468876356 1.09452 65
1760468879750 1.13201 66
1760468883090 0.93699 67
1760468886534 0.86429 68
1760468890340 1.01638 69
1760468894174 0.88452 70
1760468897857 0.98813 71
1760468901258 0.82575 72
1760468904632 0.87247 73
1760468907997 1.00994 74
1760468911670 0.88336 75
1760468915078 0.96973 76
1760468918462 0.95173 77
1760468922419 0.88243 78
1760468925790 1.22623 79
1760468929184 0.97632 80
1760468932478 0.99302 81
1760468935756 0.87568 82
1760468939168 0.90377 83
1760468942560 0.96518 84
1760468946204 0.94995 85
1760468949573 0.88397 86
1760468953002 0.89832 87
1760468956303 0.90454 88
1760468959741 0.79402 89
1760468963169 1.05283 90
1760468966587 0.7509 91
1760468969816 0.80229 92
1760468973222 1.02606 93
1760468976441 0.95067 94
1760468979649 0.80355 95
1760468982922 0.81106 96
1760468986272 0.78167 97
1760468989599 1.00781 98
1760468992955 0.86215 99
