1760468628022 4.26608 0
1760468631594 4.2497 1
1760468635324 4.28015 2
1760468640916 4.27003 3
1760468645709 4.40619 4
1760468650204 4.24967 5
1760468654336 4.18711 6
1760468658214 3.96012 7
1760468662270 3.83782 8
1760468666178 3.78536 9
1760468669861 3.63477 10
1760468673647 3.58678 11
1760468677358 3.60686 12
1760468680994 3.68999 13
1760468684678 3.23198 14
1760468688601 3.20009 15
1760468692889 3.10528 16
1760468696994 2.80118 17
1760468700839 2.65599 18
1760468704923 2.71449 19
1760468708757 2.41105 20
1760468712930 2.33909 21
1760468716886 2.41225 22
1760468721295 2.55476 23
1760468725092 2.54435 24
1760468728820 2.33981 25
1760468732404 2.64322 26
1760468736193 2.15041 27
1760468740258 2.13084 28
1760468744704 1.82219 29
1760468749280 2.05478 30
1760468753469 1.80902 31
1760468757659 2.02664 32
1760468762379 2.05232 33
1760468766888 2.17268 34
1760468770506 2.26991 35
1760468774142 1.9345 36
1760468778463 1.67163 37
1760468782019 1.65581 38
1760468785645 1.7713 39
1760468789340 1.70686 40
1760468792978 1.7795 41
1760468796546 1.8056 42
1760468800132 1.64626 43
1760468803826 1.82342 44
1760468807735 1.54948 45
1760468811198 1.65899 46
1760468814710 1.64872 47
1760468818302 1.34113 48
1760468821759 1.82667 49
1760468825351 1.53151 50
1760468828738 1.44033 51
1760468832174 2.00407 52
1760468835708 1.81603 53
1760468839610 1.5911 54
1760468843057 1.38762 55
1760468846642 1.45232 56
1760468850009 1.72736 57
1760468853349 1.41586 58
1760468856660 1.68813 59
1760468859951 1.46981 60
1760468863189 1.39826 61
1760468866350 1.33509 62
1760468869671 1.52422 63
1760468873049 1.41277 64
1760468876356 1.43347 65
1760468879750 1.28345 66
1760468883090 1.44288 67
1760468886534 1.1871 68
1760468890340 1.38083 69
1760468894174 1.2437 70
1760468897857 1.3244 71
1760468901258 1.16595 72
1760468904632 1.05192 73
1760468907997 1.33351 74
1760468911670 1.25058 75
1760468915078 1.23581 76
1760468918462 1.23086 77
1760468922419 1.47922 78
1760468925790 1.40802 79
1760468929184 1.54087 80
1760468932478 1.1811 81
1760468935756 1.11169 82
1760468939168 1.0758 83
1760468942560 1.1882 84
1760468946204 1.1588 85
1760468949573 1.13272 86
1760468953002 1.12091 87
1760468956303 1.03099 88
1760468959741 1.08598 89
1760468963169 1.32675 90
1760468966587 1.05186 91
1760468969816 1.02081 92
1760468973222 1.31833 93
1760468976441 1.14734 94
1760468979649 1.05557 95
1760468982922 1.06412 96
1760468986272 1.11144 97
1760468989599 1.30151 98
1760468992955 1.09268 99
