1760468628022 1.35174 0
1760468631594 1.19479 1
1760468635324 1.21829 2
1760468640916 1.35702 3
1760468645709 1.16972 4
1760468650204 1.21037 5
1760468654336 1.08303 6
1760468658214 1.18882 7
1760468662270 1.12612 8
1760468666178 1.16146 9
1760468669861 1.15897 10
1760468673647 1.09321 11
1760468677358 1.15364 12
1760468680994 1.23207 13
1760468684678 1.04462 14
1760468688601 1.06423 15
1760468692889 1.09784 16
1760468696994 1.04252 17
1760468700839 1.02544 18
1760468704923 1.08346 19
1760468708757 1.08721 20
1760468712930 1.00548 21
1760468716886 1.06124 22
1760468721295 1.015 23
1760468725092 1.04307 24
1760468728820 1.08425 25
1760468732404 1.17823 26
1760468736193 1.08957 27
1760468740258 1.08863 28
1760468744704 0.99226 29
1760468749280 1.03287 30
1760468753469 1.00195 31
1760468757659 0.9995 32
1760468762379 1.03528 33
1760468766888 1.01967 34
1760468770506 1.03591 35
1760468774142 0.99249 36
1760468778463 0.96567 37
1760468782019 1.00306 38
1760468785645 0.93197 39
1760468789340 0.93785 40
1760468792978 1.00846 41
1760468796546 0.98426 42
1760468800132 0.95083 43
1760468803826 1.09162 44
1760468807735 0.95011 45
1760468811198 1.02352 46
1760468814710 0.92476 47
1760468818302 0.94557 48
1760468821759 1.11886 49
1760468825351 0.96404 50
1760468828738 0.98162 51
1760468832174 1.03575 52
1760468835708 1.08327 53
1760468839610 0.92982 54
1760468843057 0.99946 55
1760468846642 0.97288 56
1760468850009 1.09786 57
1760468853349 0.95245 58
1760468856660 0.92402 59
1760468859951 0.94434 60
1760468863189 0.97796 61
1760468866350 0.89072 62
1760468869671 0.96736 63
1760468873049 0.9351 64
1760468876356 0.93032 65
1760468879750 0.96266 66
1760468883090 0.9868 67
1760468886534 0.92127 68
1760468890340 1.00982 69
1760468894174 0.93523 70
1760468897857 0.92656 71
1760468901258 0.98433 72
1760468904632 0.94235 73
1760468907997 1.01512 74
1760468911670 0.88917 75
1760468915078 1.01037 76
1760468918462 0.90788 77
1760468922419 0.90332 78
1760468925790 0.94985 79
1760468929184 1.00805 80
1760468932478 0.96082 81
1760468935756 0.93011 82
1760468939168 0.94617 83
1760468942560 0.94444 84
1760468946204 0.9733 85
1760468949573 0.93406 86
1760468953002 0.86217 87
1760468956303 0.97105 88
1760468959741 0.94963 89
1760468963169 1.00194 90
1760468966587 0.87927 91
1760468969816 0.93728 92
1760468973222 0.89211 93
1760468976441 0.93756 94
1760468979649 0.89827 95
1760468982922 0.90166 96
1760468986272 0.90368 97
1760468989599 0.92389 98
1760468992955 0.95906 99
