1760468250658 0.0 0
1760468254330 1.2087499999999999e-05 1
1760468257789 2.3350000000000002e-05 2
1760468261568 3.37875e-05 3
1760468265043 4.34e-05 4
1760468268350 5.218750000000001e-05 5
1760468272267 6.015000000000001e-05 6
1760468276016 6.728749999999999e-05 7
1760468279791 7.360000000000001e-05 8
1760468285277 7.90875e-05 9
1760468291462 8.375e-05 10
1760468295601 8.758750000000001e-05 11
1760468299071 9.06e-05 12
1760468302820 9.27875e-05 13
1760468306099 9.415e-05 14
1760468309789 9.46875e-05 15
1760468313450 9.44e-05 16
1760468316680 9.32875e-05 17
1760468319878 9.135000000000001e-05 18
1760468323101 8.858750000000002e-05 19
1760468326176 8.5e-05 20
1760468329446 8.058750000000001e-05 21
1760468332675 7.535000000000002e-05 22
1760468335904 6.92875e-05 23
1760468339447 6.24e-05 24
1760468343124 5.468749999999999e-05 25
1760468347125 4.614999999999999e-05 26
1760468350959 3.67875e-05 27
1760468354301 2.6599999999999996e-05 28
1760468357570 1.55875e-05 29
