1760467550695 1.76523 0
1760467554785 1.53784 1
1760467558044 1.50237 2
1760467561780 1.6142 3
1760467565406 1.69971 4
1760467568726 1.44614 5
1760467571971 1.4509 6
1760467575264 1.34568 7
1760467578717 1.25825 8
1760467582189 1.49888 9
1760467585318 1.34193 10
1760467588462 1.33855 11
1760467591412 1.41535 12
1760467594601 1.40622 13
1760467597459 1.30205 14
1760467600410 1.42351 15
1760467603297 1.46868 16
1760467606367 1.15289 17
1760467609336 1.17932 18
1760467612251 1.27952 19
1760467615351 1.48642 20
1760467618913 1.16964 21
1760467623325 1.11337 22
1760467628102 1.24072 23
1760467631793 1.12305 24
1760467635386 1.27126 25
1760467638849 1.56024 26
1760467642386 1.37324 27
1760467645387 1.29408 28
1760467648608 1.0596 29
