1760467550695 4.26608 0
1760467554785 4.2497 1
1760467558044 4.28068 2
1760467561780 4.27238 3
1760467565406 4.41264 4
1760467568726 4.26112 5
1760467571971 4.2179 6
1760467575264 3.97514 7
1760467578717 3.89642 8
1760467582189 3.85848 9
1760467585318 3.73733 10
1760467588462 3.67152 11
1760467591412 3.71527 12
1760467594601 3.7956 13
1760467597459 3.41823 14
1760467600410 3.45484 15
1760467603297 3.5031 16
1760467606367 3.03769 17
1760467609336 3.12267 18
1760467612251 3.13062 19
1760467615351 2.85851 20
1760467618913 2.91486 21
1760467623325 2.55341 22
1760467628102 2.76623 23
1760467631793 2.57627 24
1760467635386 2.40812 25
1760467638849 2.58674 26
1760467642386 2.71039 27
1760467645387 2.38764 28
1760467648608 2.49472 29
