1760467550695 1.35174 0
1760467554785 1.19479 1
1760467558044 1.2184 2
1760467561780 1.35697 3
1760467565406 1.16765 4
1760467568726 1.21477 5
1760467571971 1.09658 6
1760467575264 1.18099 7
1760467578717 1.13003 8
1760467582189 1.16863 9
1760467585318 1.18085 10
1760467588462 1.09787 11
1760467591412 1.16161 12
1760467594601 1.2253 13
1760467597459 1.06386 14
1760467600410 1.09379 15
1760467603297 1.09652 16
1760467606367 1.01815 17
1760467609336 1.07335 18
1760467612251 1.09447 19
1760467615351 1.30592 20
1760467618913 1.10575 21
1760467623325 1.02436 22
1760467628102 1.10719 23
1760467631793 0.9897 24
1760467635386 1.07651 25
1760467638849 1.1067 26
1760467642386 1.05821 27
1760467645387 1.04805 28
1760467648608 1.07367 29
