1760468251350 0.0 0
1760468254919 0.0 1
1760468258417 0.0 2
1760468262157 0.0 3
1760468265618 0.0 4
1760468268883 0.0 5
1760468272852 0.00078 6
1760468276568 0.00098 7
1760468280453 0.00098 8
1760468286511 0.00308 9
1760468292183 0.00308 10
1760468296227 0.00457 11
1760468299658 0.00457 12
1760468303408 0.01162 13
1760468306730 0.01162 14
1760468310382 0.01755 15
1760468314067 0.01755 16
1760468317239 0.02866 17
1760468320401 0.02866 18
1760468323672 0.02879 19
1760468326714 0.02879 20
1760468330101 0.03246 21
1760468333232 0.03246 22
1760468336413 0.03246 23
1760468340046 0.01814 24
1760468343727 0.01814 25
1760468347793 0.01814 26
1760468351499 0.01103 27
1760468354840 0.01103 28
1760468358106 0.01103 29
1760468360680 0.02956593399339934 29
