1760468251350 0.0 0
1760468254919 0.0 1
1760468258417 0.0 2
1760468262157 0.0 3
1760468265618 0.0 4
1760468268883 0.0 5
1760468272852 0.00777 6
1760468276568 0.0098 7
1760468280453 0.0098 8
1760468286511 0.0176 9
1760468292183 0.0176 10
1760468296227 0.02848 11
1760468299658 0.02848 12
1760468303408 0.04185 13
1760468306730 0.04185 14
1760468310382 0.08275 15
1760468314067 0.08275 16
1760468317239 0.08685 17
1760468320401 0.08685 18
1760468323672 0.07019 19
1760468326714 0.07019 20
1760468330101 0.05902 21
1760468333232 0.05902 22
1760468336413 0.05902 23
1760468340046 0.09668 24
1760468343727 0.09668 25
1760468347793 0.09668 26
1760468351499 0.09649 27
1760468354840 0.09649 28
1760468358106 0.09649 29
1760468360680 0.059116996699669966 29
