1760468251350 0.0 0
1760468254919 0.0 1
1760468258417 0.0 2
1760468262157 0.0 3
1760468265618 0.0 4
1760468268883 0.0 5
1760468272852 0.00543 6
1760468276568 0.00549 7
1760468280453 0.00549 8
1760468286511 0.0101 9
1760468292183 0.0101 10
1760468296227 0.01053 11
1760468299658 0.01053 12
1760468303408 0.01546 13
1760468306730 0.01546 14
1760468310382 0.01471 15
1760468314067 0.01471 16
1760468317239 0.00935 17
1760468320401 0.00935 18
1760468323672 0.00962 19
1760468326714 0.00962 20
1760468330101 0.00962 21
1760468333232 0.00962 22
1760468336413 0.00962 23
1760468340046 0.01515 24
1760468343727 0.01515 25
1760468347793 0.01515 26
1760468351499 0.01442 27
1760468354840 0.01442 28
1760468358106 0.01442 29
1760468360680 0.009900990099009901 29
