1760468251350 0.0 0
1760468254919 0.0 1
1760468258417 0.0 2
1760468262157 0.0 3
1760468265618 0.0 4
1760468268883 0.0 5
1760468272852 0.08333 6
1760468276568 0.08333 7
1760468280453 0.08333 8
1760468286511 0.16667 9
1760468292183 0.16667 10
1760468296227 0.16667 11
1760468299658 0.16667 12
1760468303408 0.25 13
1760468306730 0.25 14
1760468310382 0.25 15
1760468314067 0.25 16
1760468317239 0.16667 17
1760468320401 0.16667 18
1760468323672 0.16667 19
1760468326714 0.16667 20
1760468330101 0.16667 21
1760468333232 0.16667 22
1760468336413 0.16667 23
1760468340046 0.25 24
1760468343727 0.25 25
1760468347793 0.25 26
1760468351499 0.25 27
1760468354840 0.25 28
1760468358106 0.25 29
1760468360680 0.16666666666666666 29
