1760467813784 0.0 0
1760467817972 1.2087499999999999e-05 1
1760467821949 2.3350000000000002e-05 2
1760467825422 3.37875e-05 3
1760467829710 4.34e-05 4
1760467833499 5.218750000000001e-05 5
1760467837197 6.015000000000001e-05 6
1760467840560 6.728749999999999e-05 7
1760467844117 7.360000000000001e-05 8
1760467847270 7.90875e-05 9
1760467850700 8.375e-05 10
1760467854086 8.758750000000001e-05 11
1760467857507 9.06e-05 12
1760467861108 9.27875e-05 13
1760467864401 9.415e-05 14
1760467867817 9.46875e-05 15
1760467871062 9.44e-05 16
1760467874450 9.32875e-05 17
1760467877679 9.135000000000001e-05 18
1760467881860 8.858750000000002e-05 19
1760467885499 8.5e-05 20
1760467888850 8.058750000000001e-05 21
1760467892121 7.535000000000002e-05 22
1760467895691 6.92875e-05 23
1760467899277 6.24e-05 24
1760467902742 5.468749999999999e-05 25
1760467906275 4.614999999999999e-05 26
1760467909691 3.67875e-05 27
1760467913582 2.6599999999999996e-05 28
1760467919235 1.55875e-05 29
